2
176
304
317
353
4
271
282
502
543
202
260
308
382
562
342
360
383
386
395
102
113
145
389
488
285
319
409
464
542
55
288
429
618
714
178
290
309
377
393
16
30
130
219
298
53
220
398
433
660
244
307
328
385
532
3
37
46
114
181
179
294
345
371
588
240
286
421
427
694
51
207
492
507
621
72
91
368
376
726
573
596
699
781
928
13
31
506
522
700
75
89
266
407
437
0
137
180
224
278
57
118
134
325
388
34
172
215
235
354
35
239
424
519
632
8
84
255
256
275
38
413
481
701
902
241
450
674
688
703
150
297
364
411
525
68
153
391
499
527
7
161
168
227
281
1
155
238
343
453
133
135
322
505
609
9
182
306
369
520
121
158
163
546
549
67
78
115
119
154
120
264
439
585
911
65
92
142
455
597
60
74
214
356
784
212
217
339
566
693
83
117
243
476
485
10
15
80
101
156
144
237
249
403
484
211
291
500
553
736
28
79
85
250
316
63
189
206
262
310
177
272
399
470
623
41
185
213
447
552
77
90
122
159
190
32
56
59
557
1006
152
195
251
252
370
42
88
204
208
416
71
295
565
716
748
64
106
253
379
586
27
140
258
602
847
69
123
128
149
299
167
225
246
330
336
61
100
380
438
725
44
108
269
277
397
270
283
331
513
528
378
404
451
465
806
21
24
110
406
517
